   3    3
1 1
    12.793449373341224    -0.000000000000009    -0.000000000000000
    -0.000000000000009    19.309428669792240    -0.000000000000001
    -0.000000000000000    -0.000000000000001    -9.964151474366954
1 2
    -6.396724686670611     8.196924312995112    -0.000000000000019
    11.646996171613146    -9.654714334896124     0.000000000000000
    -0.000000000000000     0.000000000000000     4.982075737183477
1 3
    -6.396724686670613    -8.196924312995101     0.000000000000019
   -11.646996171613139    -9.654714334896115     0.000000000000000
     0.000000000000001     0.000000000000000     4.982075737183477
2 1
    -6.396724686670611    11.646996171613146    -0.000000000000000
     8.196924312995112    -9.654714334896124     0.000000000000000
    -0.000000000000019     0.000000000000000     4.982075737183477
2 2
     7.071187847362722    -9.921960242304127     0.000000000000010
    -9.921960242304127    12.485395631198063    -0.000000000000009
     0.000000000000010    -0.000000000000009    -3.139432712833859
2 3
    -0.674463160692112    -1.725035929309020    -0.000000000000009
     1.725035929309016    -2.830681296301941     0.000000000000009
     0.000000000000009     0.000000000000009    -1.842643024349618
3 1
    -6.396724686670613   -11.646996171613139     0.000000000000001
    -8.196924312995101    -9.654714334896115     0.000000000000000
     0.000000000000019     0.000000000000000     4.982075737183477
3 2
    -0.674463160692112     1.725035929309016     0.000000000000009
    -1.725035929309020    -2.830681296301941     0.000000000000009
    -0.000000000000009     0.000000000000009    -1.842643024349618
3 3
     7.071187847362724     9.921960242304124    -0.000000000000010
     9.921960242304124    12.485395631198056    -0.000000000000009
    -0.000000000000010    -0.000000000000009    -3.139432712833859